CDIV	TRE	FRCC	MISW	MISC	MISE	MISS	ISNE	NYCW	NYUP	PJME	PJMW	PJMC	PJMD	SRCA	SRSE	SRCE	SPPS	SPPC	SPPN	SRSG	CANO	CASO	NWPP	RMRG	BASN
1	0	0	0.0	0.0	0.0	0.0	0.9997946055	0.0	0.0	0.0	0.0	0	0.0	0.0	0.0	0.0	0.0	0.0	0.0	0.0	0.0	0.0	0.0	0.0	0.0
2	0	0	0.0	0.0	0.0	0.0	0.0002053945055	0.9999999977	0.9999999983	0.6331525054	0.1273477345	0	0.0	0.0	0.0	0.0	0.0	0.0	0.0	0.0	0.0	0.0	0.0	0.0	0.0
3	0	0	0.380761406	0.6468503165	0.9999986916	0.0	0.0	0.0	0.0	0.0	0.6291368759	1	0.0	0.0	0.0	0.0	0.0	0.0	0.0	0.0	0.0	0.0	0.0	0.0	0.0
4	0	0	0.6192385976	0.3393318867	1.30460545e-06	1.432110025e-06	0.0	0.0	0.0	0.0	0.0	0	0.0	0.0	0.0	0.0	0.0	0.9990152529	0.9696012434	0.0	0.0	0.0	0.0	0.06704277987	0.0
5	0	1	0.0	0.0	0.0	0.0	0.0	0.0	0.0	0.3668474962	0.1826258495	0	1.000000001	0.999993273	0.7185585556	0.02640654994	0.0	0.0	0.0	0.0	0.0	0.0	0.0	0.0	0.0
6	0	0	0.0	0.01381779812	0.0	0.1613270343	0.0	0.0	0.0	0.0	0.06088953964	0	0.0	6.727002452e-06	0.2814414425	0.9735934522	0.0	0.0	0.0	0.0	0.0	0.0	0.0	0.0	0.0
7	1	0	0.0	0.0	0.0	0.8386715368	0.0	0.0	0.0	0.0	0.0	0	0.0	0.0	0.0	0.0	0.9340048434	0.0008109111677	0.0	0.07419763276	0.0	0.0	0.0	0.0	0.0
8	0	0	0.0	0.0	0.0	0.0	0.0	0.0	0.0	0.0	0.0	0	0.0	0.0	0.0	0.0	0.06599515573	0.000173838916	0.03039875658	0.8545132448	7.751128448e-08	6.958359848e-07	0.1263824041	0.9329572219	0.9926400888
9	0	0	0.0	0.0	0.0	0.0	0.0	0.0	0.0	0.0	0.0	0	0.0	0.0	0.0	0.0	0.0	0.0	0.0	0.07128912168	0.9999999233	0.9999993062	0.8736175953	0.0	0.007359916179
