CDIV	AL	AK	AZ	AR	CA	CO	CT	DE	DC	FL	GA	HI	ID	IL	IN	IA	KS	KY	LA	ME	MD	MA	MI	MN	MS	MO	MT	NE	NV	NH	NJ	NM	NY	NC	ND	OH	OK	OR	PA	RI	SC	SD	TN	TX	UT	VT	VA	WA	WV	WI	WY
1	0.0	0.0	0	0	0.0	0.0	0.2750389206	0.0	0.0	0.0	0.0	0	0.0	0.0	0.0	0.0	0	0.0	0	0.1390762844	0.0	0.3668915413	0.0	0.0	0	0.0	0.0	0.0	0.0	0.09911779969	0.0	0	0.0	0.0	0.0	0.0	0	0.0	0.0	0.07005708355	0.0	0.0	0.0	0	0.0	0.04981837052	0.0	0.0	0.0	0.0	0.0
2	0.0	0.0	0	0	0.0	0.0	0.0	0.0	0.0	0.0	0.0	0	0.0	0.0	0.0	0.0	0	0.0	0	0.0	0.0	0.0	0.0	0.0	0	0.0	0.0	0.0	0.0	0.0	0.1187015504	0	0.5019379845	0.0	0.0	0.0	0	0.0	0.3793604651	0.0	0.0	0.0	0.0	0	0.0	0.0	0.0	0.0	0.0	0.0	0.0
3	0.0	0.0	0	0	0.0	0.0	0.0	0.0	0.0	0.0	0.0	0	0.0	0.02840909091	0.06818181818	0.0	0	0.0	0	0.0	0.0	0.0	0.1761363636	0.0	0	0.0	0.0	0.0	0.0	0.0	0.0	0	0.0	0.0	0.0	0.4545454545	0	0.0	0.0	0.0	0.0	0.0	0.0	0	0.0	0.0	0.0	0.0	0.0	0.2727272727	0.0
4	0.0	0.0	0	0	0.0	0.0	0.0	0.0	0.0	0.0	0.0	0	0.0	0.0	0.0	0.1184210526	0	0.0	0	0.0	0.0	0.0	0.0	0.6447368421	0	0.02631578947	0.0	0.01315789474	0.0	0.0	0.0	0	0.0	0.0	0.1184210526	0.0	0	0.0	0.0	0.0	0.0	0.07894736842	0.0	0	0.0	0.0	0.0	0.0	0.0	0.0	0.0
5	0.0	0.0	0	0	0.0	0.0	0.0	0.06631299735	0.01591511936	0.002652519894	0.002652519894	0	0.0	0.0	0.0	0.0	0	0.0	0	0.0	0.3872679045	0.0	0.0	0.0	0	0.0	0.0	0.0	0.0	0.0	0.0	0	0.0	0.1458885942	0.0	0.0	0	0.0	0.0	0.0	0.01326259947	0.0	0.0	0	0.0	0.0	0.3289124668	0.0	0.03713527851	0.0	0.0
6	0.1	0.0	0	0	0.0	0.0	0.0	0.0	0.0	0.0	0.0	0	0.0	0.0	0.0	0.0	0	0.6	0	0.0	0.0	0.0	0.0	0.0	0	0.0	0.0	0.0	0.0	0.0	0.0	0	0.0	0.0	0.0	0.0	0	0.0	0.0	0.0	0.0	0.0	0.3	0	0.0	0.0	0.0	0.0	0.0	0.0	0.0
7	0.0	0.0	0	1	0.0	0.0	0.0	0.0	0.0	0.0	0.0	0	0.0	0.0	0.0	0.0	0	0.0	0	0.0	0.0	0.0	0.0	0.0	0	0.0	0.0	0.0	0.0	0.0	0.0	0	0.0	0.0	0.0	0.0	0	0.0	0.0	0.0	0.0	0.0	0.0	0	0.0	0.0	0.0	0.0	0.0	0.0	0.0
8	0.0	0.0	0	0	0.0	0.05555555556	0.0	0.0	0.0	0.0	0.0	0	0.4444444444	0.0	0.0	0.0	0	0.0	0	0.0	0.0	0.0	0.0	0.0	0	0.0	0.2222222222	0.0	0.1666666667	0.0	0.0	0	0.0	0.0	0.0	0.0	0	0.0	0.0	0.0	0.0	0.0	0.0	0	0.05555555556	0.0	0.0	0.0	0.0	0.0	0.05555555556
9	0.0	0.5220588235	0	0	0.03676470588	0.0	0.0	0.0	0.0	0.0	0.0	0	0.0	0.0	0.0	0.0	0	0.0	0	0.0	0.0	0.0	0.0	0.0	0	0.0	0.0	0.0	0.0	0.0	0.0	0	0.0	0.0	0.0	0.0	0	0.1397058824	0.0	0.0	0.0	0.0	0.0	0	0.0	0.0	0.0	0.3014705882	0.0	0.0	0.0
