CDIV	TRE	FRCC	MISW	MISC	MISE	MISS	ISNE	NYCW	NYUP	PJME	PJMW	PJMC	PJMD	SRCA	SRSE	SRCE	SPPS	SPPC	SPPN	SRSG	CANO	CASO	NWPP	RMRG	BASN
1	0.0	0.0	0.0	0.0	0.0	0.0	1	0.0	0.0	0.0	0.0	0.0	0.0	0.0	0.0	0.0	0.0	0.0	0.0	0.0	0.0	0.0	0.0	0.0	0.0
2	0.0	0.0	0.0	0.0	0.0	0.0	0	0.2971154663	0.1889598117	0.4182166979	0.09570802406	0.0	0.0	0.0	0.0	0.0	0.0	0.0	0.0	0.0	0.0	0.0	0.0	0.0	0.0
3	0.0	0.0	0.2703800719	0.1129065711	0.2661502035	0.0	0	0.0	0.0	0.0	0.2456816692	0.1048814843	0.0	0.0	0.0	0.0	0.0	0.0	0.0	0.0	0.0	0.0	0.0	0.0	0.0
4	0.0	0.0	0.4838579265	0.1395983798	0.0	0.0	0	0.0	0.0	0.0	0.0	0.0	0.0	0.0	0.0	0.0	0.0	0.1856274715	0.1877181651	0.0	0.0	0.0	0.0	0.003198057146	0.0
5	0.0	0.06294048071	0.0	0.0	0.0	0.0	0	0.0	0.0	0.1268150226	0.1866518576	0.0	0.2149383287	0.298865969	0.1065831994	0.003205141983	0.0	0.0	0.0	0.0	0.0	0.0	0.0	0.0	0.0
6	0.0	0.0	0.0	0.0	0.0	0.07520605293	0	0.0	0.0	0.0	0.03688348396	0.0	0.0	0.0	0.1747050179	0.7132054452	0.0	0.0	0.0	0.0	0.0	0.0	0.0	0.0	0.0
7	0.4156365221	0.0	0.0	0.0	0.0	0.2033328494	0	0.0	0.0	0.0	0.0	0.0	0.0	0.0	0.0	0.0	0.367259708	0.0	0.0	0.01377092055	0.0	0.0	0.0	0.0	0.0
8	0.0	0.0	0.00124853699	0.0	0.0	0.0	0	0.0	0.0	0.0	0.0	0.0	0.0	0.0	0.0	0.0	0.01856804787	0.0	0.006478012255	0.2036973432	0.0	0.0	0.2340735362	0.2681365247	0.2677979988
9	0.0	0.0	0.0	0.0	0.0	0.0	0	0.0	0.0	0.0	0.0	0.0	0.0	0.0	0.0	0.0	0.0	0.0	0.0	0.001928226599	0.1687219435	0.2478069744	0.5129154046	0.0	0.0
