CDIV	AL	AK	AZ	AR	CA	CO	CT	DE	DC	FL	GA	HI	ID	IL	IN	IA	KS	KY	LA	ME	MD	MA	MI	MN	MS	MO	MT	NE	NV	NH	NJ	NM	NY	NC	ND	OH	OK	OR	PA	RI	SC	SD	TN	TX	UT	VT	VA	WA	WV	WI	WY
1	0.0	0.0	0.0	0.0	0.0	0.0	0.2252747253	0.0	0.0	0.0	0.0	0.0	0.0	0.0	0.0	0.0	0.0	0.0	0.0	0.08241758242	0.0	0.4994505495	0.0	0.0	0.0	0.0	0.0	0.0	0.0	0.07802197802	0.0	0.0	0.0	0.0	0.0	0.0	0.0	0.0	0.0	0.07747252747	0.0	0.0	0.0	0.0	0.0	0.03736263736	0.0	0.0	0.0	0.0	0.0
2	0.0	0.0	0.0	0.0	0.0	0.0	0.0	0.0	0.0	0.0	0.0	0.0	0.0	0.0	0.0	0.0	0.0	0.0	0.0	0.0	0.0	0.0	0.0	0.0	0.0	0.0	0.0	0.0	0.0	0.0	0.2577639752	0.0	0.4926242236	0.0	0.0	0.0	0.0	0.0	0.2496118012	0.0	0.0	0.0	0.0	0.0	0.0	0.0	0.0	0.0	0.0	0.0	0.0
3	0.0	0.0	0.0	0.0	0.0	0.0	0.0	0.0	0.0	0.0	0.0	0.0	0.0	0.2671680837	0.1334205363	0.0	0.0	0.0	0.0	0.0	0.0	0.0	0.2089601046	0.0	0.0	0.0	0.0	0.0	0.0	0.0	0.0	0.0	0.0	0.0	0.0	0.2593198169	0.0	0.0	0.0	0.0	0.0	0.0	0.0	0.0	0.0	0.0	0.0	0.0	0.0	0.1311314585	0.0
4	0.0	0.0	0.0	0.0	0.0	0.0	0.0	0.0	0.0	0.0	0.0	0.0	0.0	0.0	0.0	0.1223463687	0.1525139665	0.0	0.0	0.0	0.0	0.0	0.0	0.2153631285	0.0	0.2854748603	0.0	0.09357541899	0.0	0.0	0.0	0.0	0.0	0.0	0.08100558659	0.0	0.0	0.0	0.0	0.0	0.0	0.04972067039	0.0	0.0	0.0	0.0	0.0	0.0	0.0	0.0	0.0
5	0.0	0.0	0.0	0.0	0.0	0.0	0.0	0.01287628328	0.02183748042	0.2900643814	0.1472072386	0.0	0.0	0.0	0.0	0.0	0.0	0.0	0.0	0.0	0.082999826	0.0	0.0	0.0	0.0	0.0	0.0	0.0	0.0	0.0	0.0	0.0	0.0	0.1470332347	0.0	0.0	0.0	0.0	0.0	0.0	0.071863581	0.0	0.0	0.0	0.0	0.0	0.2045414999	0.0	0.02157647468	0.0	0.0
6	0.2424722662	0.0	0.0	0.0	0.0	0.0	0.0	0.0	0.0	0.0	0.0	0.0	0.0	0.0	0.0	0.0	0.0	0.2158478605	0.0	0.0	0.0	0.0	0.0	0.0	0.1546751189	0.0	0.0	0.0	0.0	0.0	0.0	0.0	0.0	0.0	0.0	0.0	0.0	0.0	0.0	0.0	0.0	0.0	0.3870047544	0.0	0.0	0.0	0.0	0.0	0.0	0.0	0.0
7	0.0	0.0	0.0	0.05412267807	0.0	0.0	0.0	0.0	0.0	0.0	0.0	0.0	0.0	0.0	0.0	0.0	0.0	0.0	0.1086462649	0.0	0.0	0.0	0.0	0.0	0.0	0.0	0.0	0.0	0.0	0.0	0.0	0.0	0.0	0.0	0.0	0.0	0.1012962715	0.0	0.0	0.0	0.0	0.0	0.0	0.7359347855	0.0	0.0	0.0	0.0	0.0	0.0	0.0
8	0.0	0.0	0.3088317496	0.0	0.0	0.204863052	0.0	0.0	0.0	0.0	0.0	0.0	0.06679709335	0.0	0.0	0.0	0.0	0.0	0.0	0.0	0.0	0.0	0.0	0.0	0.0	0.0	0.04807154835	0.0	0.1224147568	0.0	0.0	0.08831749581	0.0	0.0	0.0	0.0	0.0	0.0	0.0	0.0	0.0	0.0	0.0	0.0	0.1249301286	0.0	0.0	0.0	0.0	0.0	0.03577417552
9	0.0	0.01508986097	0.0	0.0	0.6934554086	0.0	0.0	0.0	0.0	0.0	0.0	0.01932858596	0.0	0.0	0.0	0.0	0.0	0.0	0.0	0.0	0.0	0.0	0.0	0.0	0.0	0.0	0.0	0.0	0.0	0.0	0.0	0.0	0.0	0.0	0.0	0.0	0.0	0.0981688708	0.0	0.0	0.0	0.0	0.0	0.0	0.0	0.0	0.0	0.1739572737	0.0	0.0	0.0
