CDIV	AL	AK	AZ	AR	CA	CO	CT	DE	DC	FL	GA	HI	ID	IL	IN	IA	KS	KY	LA	ME	MD	MA	MI	MN	MS	MO	MT	NE	NV	NH	NJ	NM	NY	NC	ND	OH	OK	OR	PA	RI	SC	SD	TN	TX	UT	VT	VA	WA	WV	WI	WY
1	0.0	0.0	0.0	0.0	0.0	0.0	0.262987013	0.0	0.0	0.0	0.0	0.0	0.0	0.0	0.0	0.0	0.0	0.0	0.0	0.04545454545	0.0	0.5575139147	0.0	0.0	0.0	0.0	0.0	0.0	0.0	0.04499072356	0.0	0.0	0.0	0.0	0.0	0.0	0.0	0.0	0.0	0.05333951763	0.0	0.0	0.0	0.0	0.0	0.03571428571	0.0	0.0	0.0	0.0	0.0
2	0.0	0.0	0.0	0.0	0.0	0.0	0.0	0.0	0.0	0.0	0.0	0.0	0.0	0.0	0.0	0.0	0.0	0.0	0.0	0.0	0.0	0.0	0.0	0.0	0.0	0.0	0.0	0.0	0.0	0.0	0.2473716759	0.0	0.4848484848	0.0	0.0	0.0	0.0	0.0	0.2677798392	0.0	0.0	0.0	0.0	0.0	0.0	0.0	0.0	0.0	0.0	0.0	0.0
3	0.0	0.0	0.0	0.0	0.0	0.0	0.0	0.0	0.0	0.0	0.0	0.0	0.0	0.295884058	0.1167536232	0.0	0.0	0.0	0.0	0.0	0.0	0.0	0.219942029	0.0	0.0	0.0	0.0	0.0	0.0	0.0	0.0	0.0	0.0	0.0	0.0	0.2253913043	0.0	0.0	0.0	0.0	0.0	0.0	0.0	0.0	0.0	0.0	0.0	0.0	0.0	0.1420289855	0.0
4	0.0	0.0	0.0	0.0	0.0	0.0	0.0	0.0	0.0	0.0	0.0	0.0	0.0	0.0	0.0	0.1676144056	0.1286217168	0.0	0.0	0.0	0.0	0.0	0.0	0.3401028974	0.0	0.1825074465	0.0	0.09369076631	0.0	0.0	0.0	0.0	0.0	0.0	0.04901164365	0.0	0.0	0.0	0.0	0.0	0.0	0.03845112375	0.0	0.0	0.0	0.0	0.0	0.0	0.0	0.0	0.0
5	0.0	0.0	0.0	0.0	0.0	0.0	0.0	0.02706586826	0.03832335329	0.1552095808	0.1362874251	0.0	0.0	0.0	0.0	0.0	0.0	0.0	0.0	0.0	0.1839520958	0.0	0.0	0.0	0.0	0.0	0.0	0.0	0.0	0.0	0.0	0.0	0.0	0.1451497006	0.0	0.0	0.0	0.0	0.0	0.0	0.06419161677	0.0	0.0	0.0	0.0	0.0	0.1882634731	0.0	0.06155688623	0.0	0.0
6	0.1758460518	0.0	0.0	0.0	0.0	0.0	0.0	0.0	0.0	0.0	0.0	0.0	0.0	0.0	0.0	0.0	0.0	0.2687458527	0.0	0.0	0.0	0.0	0.0	0.0	0.1373589914	0.0	0.0	0.0	0.0	0.0	0.0	0.0	0.0	0.0	0.0	0.0	0.0	0.0	0.0	0.0	0.0	0.0	0.4180491042	0.0	0.0	0.0	0.0	0.0	0.0	0.0	0.0
7	0.0	0.0	0.0	0.1673116999	0.0	0.0	0.0	0.0	0.0	0.0	0.0	0.0	0.0	0.0	0.0	0.0	0.0	0.0	0.09645727895	0.0	0.0	0.0	0.0	0.0	0.0	0.0	0.0	0.0	0.0	0.0	0.0	0.0	0.0	0.0	0.0	0.0	0.1396248884	0.0	0.0	0.0	0.0	0.0	0.0	0.5966061328	0.0	0.0	0.0	0.0	0.0	0.0	0.0
8	0.0	0.0	0.1314285714	0.0	0.0	0.2307142857	0.0	0.0	0.0	0.0	0.0	0.0	0.085	0.0	0.0	0.0	0.0	0.0	0.0	0.0	0.0	0.0	0.0	0.0	0.0	0.0	0.1017857143	0.0	0.1221428571	0.0	0.0	0.1021428571	0.0	0.0	0.0	0.0	0.0	0.0	0.0	0.0	0.0	0.0	0.0	0.0	0.1778571429	0.0	0.0	0.0	0.0	0.0	0.04892857143
9	0.0	0.04193205945	0.0	0.0	0.6772823779	0.0	0.0	0.0	0.0	0.0	0.0	0.005573248408	0.0	0.0	0.0	0.0	0.0	0.0	0.0	0.0	0.0	0.0	0.0	0.0	0.0	0.0	0.0	0.0	0.0	0.0	0.0	0.0	0.0	0.0	0.0	0.0	0.0	0.09288747346	0.0	0.0	0.0	0.0	0.0	0.0	0.0	0.0	0.0	0.1823248408	0.0	0.0	0.0
