State	AL	AK	AZ	AR	CA	CO	CT	DE	DC	FL	GA	HI	ID	IL	IN	IA	KS	KY	LA	ME	MD	MA	MI	MN	MS	MO	MT	NE	NV	NH	NJ	NM	NY	NC	ND	OH	OK	OR	PA	RI	SC	SD	TN	TX	UT	VT	VA	WA	WV	WI	WY
TRE	0	0	0	0	0	0	0	0	0	0	0	0	0	0	0	0	0	0	0	0	0	0	0	0	0	0	0	0	0	0	0	0	0	0	0	0	0	0	0	0	0	0	0	1	0	0	0	0	0	0	0
FRCC	0	0	0	0	0	0	0	0	0	1	0	0	0	0	0	0	0	0	0	0	0	0	0	0	0	0	0	0	0	0	0	0	0	0	0	0	0	0	0	0	0	0	0	0	0	0	0	0	0	0	0
MISW	0	0	0	0	0	0	0	0	0	0	0	0	0	0.001493373	0	0.184007347	0	0	0	0	0	0	0.021016996	0.378413589	0	0	0.000468582	0	0	0	0	0	0	0	0.005131618	0	0	0	0	0	0	0	0	0	0	0	0	0	0	0.409468496	0
MISC	0	0	0	0	0	0	0	0	0	0	0	0	0	0.318620077	0.374766128	0	0	0	0	0	0	0	0	0	0	0.306613795	0	0	0	0	0	0	0	0	0	0	0	0	0	0	0	0	0	0	0	0	0	0	0	0	0
MISE	0	0	0	0	0	0	0	0	0	0	0	0	0	0	0	0	0	0	0	0	0	0	1	0	0	0	0	0	0	0	0	0	0	0	0	0	0	0	0	0	0	0	0	0	0	0	0	0	0	0	0
MISS	0	0	0	0.225518954	0	0	0	0	0	0	0	0	0	0	0	0	0	0	0.421997838	0	0	0	0	0	0.165800477	0	0	0	0	0	0	0	0	0	0	0	0	0	0	0	0	0	0	0.186682731	0	0	0	0	0	0	0
ISNE	0	0	0	0	0	0	0.240166512	0	0	0	0	0	0	0	0	0	0	0	0	0.09054943	0	0.464295975	0	0	0	0	0	0	0	0.091593481	0	0	0	0	0	0	0	0	0	0.071361166	0	0	0	0	0	0.042033436	0	0	0	0	0
NYCW	0	0	0	0	0	0	0	0	0	0	0	0	0	0	0	0	0	0	0	0	0	0	0	0	0	0	0	0	0	0	0	0	1	0	0	0	0	0	0	0	0	0	0	0	0	0	0	0	0	0	0
NYUP	0	0	0	0	0	0	0	0	0	0	0	0	0	0	0	0	0	0	0	0	0	0	0	0	0	0	0	0	0	0	0	0	1	0	0	0	0	0	0	0	0	0	0	0	0	0	0	0	0	0	0
PJME	0	0	0	0	0	0	0	0.039111914	0	0	0	0	0	0	0	0	0	0	0	0	0.180141804	0	0	0	0	0	0	0	0	0	0.35675939	0	0.019124617	0	0	0	0	0	0.40309394	0	0	0	0	0	0	0	0.001768335	0	0	0	0
PJMW	0	0	0	0	0	0	0	0	0	0	0	0	0	0	0.104503623	0	0	0.018917095	0	0	0.068871974	0	0.031992106	0	0	0	0	0	0	0	0	0	0	0	0	0.515822496	0	0	0.122068886	0	0	0	0	0	0	0	0.058739054	0	0.079084766	0	0
PJMC	0	0	0	0	0	0	0	0	0	0	0	0	0	1	0	0	0	0	0	0	0	0	0	0	0	0	0	0	0	0	0	0	0	0	0	0	0	0	0	0	0	0	0	0	0	0	0	0	0	0	0
PJMD	0	0	0	0	0	0	0	0	0.082392189	0	0	0	0	0	0	0	0	0	0	0	0	0	0	0	0	0	0	0	0	0	0	0	0	0.093709617	0	0	0	0	0	0	0	0	0	0	0	0	0.823898193	0	0	0	0
SRCA	0	0	0	0	0	0	0	0	0	0	0	0	0	0	0	0	0	0	0	0	0	0	0	0	0	0	0	0	0	0	0	0	0	0.652913789	0	0	0	0	0	0	0.347086212	0	0	0	0	0	0	0	0	0	0
SRSE	0.245372591	0	0	0	0	0	0	0	0	0.064784121	0.632915041	0	0	0	0	0	0	0	0	0	0	0	0	0	0.056928247	0	0	0	0	0	0	0	0	0	0	0	0	0	0	0	0	0	0	0	0	0	0	0	0	0	0
SRCE	0.065198267	0	0	0	0	0	0	0	0	0	0.004252818	0	0	0	0	0	0	0.326163824	0	0	0	0	0	0	0.044576495	0	0	0	0	0	0	0	0	0	0	0	0	0	0	0	0	0	0.551481671	0	0	0	0.008326927	0	0	0	0
SPPS	0	0	0	0.133519883	0	0	0	0	0	0	0	0	0	0	0	0	0	0	0.11828238	0	0	0	0	0	0	0	0	0	0	0	0	0.03556643	0	0	0	0	0.521527844	0	0	0	0	0	0	0.191103463	0	0	0	0	0	0	0
SPPC	0	0	0	0	0	0	0	0	0	0	0	0	0	0	0	0	0.531597055	0	0	0	0	0	0	0	0	0.468402945	0	0	0	0	0	0	0	0	0	0	0	0	0	0	0	0	0	0	0	0	0	0	0	0	0
SPPN	0	0	0	0	0	0	0	0	0	0	0	0	0	0	0	0.126254092	0	0	0	0	0	0	0	0.060664105	0	0	0.008277865	0.448063849	0	0	0	0	0	0	0.161537697	0	0	0	0	0	0	0.195202392	0	0	0	0	0	0	0	0	0
SRSG	0	0	0.727357095	0	0.018108688	0	0	0	0	0	0	0	0	0	0	0	0	0	0	0	0	0	0	0	0	0	0	0	0	0	0	0.170181497	0	0	0	0	0	0	0	0	0	0	0	0.08435272	0	0	0	0	0	0	0
CANO	0	0	0	0	1	0	0	0	0	0	0	0	0	0	0	0	0	0	0	0	0	0	0	0	0	0	0	0	0	0	0	0	0	0	0	0	0	0	0	0	0	0	0	0	0	0	0	0	0	0	0
CASO	0	0	0	0	1	0	0	0	0	0	0	0	0	0	0	0	0	0	0	0	0	0	0	0	0	0	0	0	0	0	0	0	0	0	0	0	0	0	0	0	0	0	0	0	0	0	0	0	0	0	0
NWPP	0	0	0	0	0.008322458	0	0	0	0	0	0	0	0.025468983	0	0	0	0	0	0	0	0	0	0	0	0	0	0.077150046	0	0	0	0	0	0	0	0	0	0	0.316904609	0	0	0	0	0	0	0	0	0	0.572153904	0	0	0
RMRG	0	0	0	0	0	0.923816237	0	0	0	0	0	0	0	0	0	0	0	0	0	0	0	0	0	0	0	0	0	0.003696397	0	0	0	0.019885338	0	0	0	0	0	0	0	0	0	0.008335101	0	0	0	0	0	0	0	0	0.044266927
BASN	0	0	0	0	0	0	0	0	0	0	0	0	0.180177909	0	0	0	0	0	0	0	0	0	0	0	0	0	0	0	0.383245886	0	0	0	0	0	0	0	0	0	0	0	0	0	0	0	0.398898697	0	0	0	0	0	0.037677508