CDIV	TRE	FRCC	MISW	MISC	MISE	MISS	ISNE	NYCW	NYUP	PJME	PJMW	PJMC	PJMD	SRCA	SRSE	SRCE	SPPS	SPPC	SPPN	SRSG	CANO	CASO	NWPP	RMRG	BASN
1	0	0	0.0	0.0	0.0	0.0	0.9995879287	0.0	0.0	0.0	0.0	0	0.0	0.0	0.0	0.0	0.0	0.0	0.0	0.0	0.0	0.0	0.0	0.0	0.0
2	0	0	0.0	0.0	0.0	0.0	0.0004120733967	1.000000002	1.000000002	0.6859756213	0.12996846	0	0.0	0.0	0.0	0.0	0.0	0.0	0.0	0.0	0.0	0.0	0.0	0.0	0.0
3	0	0	0.3660995541	0.6236165543	0.9999958963	0.0	0.0	0.0	0.0	0.0	0.5550991568	1	0.0	0.0	0.0	0.0	0.0	0.0	0.0	0.0	0.0	0.0	0.0	0.0	0.0
4	0	0	0.6339004475	0.3548917194	4.100230047e-06	3.839702729e-06	0.0	0.0	0.0	0.0	0.0	0	0.0	0.0	0.0	0.0	0.0	0.9992257858	0.9832317064	0.0	0.0	0.0	0.0	0.06019259551	0.0
5	0	1	0.0	0.0	0.0	0.0	0.0	0.0	0.0	0.3140243758	0.2111105516	0	1.000000003	0.999904109	0.6982800207	0.04226916545	0.0	0.0	0.0	0.0	0.0	0.0	0.0	0.0	0.0
6	0	0	0.0	0.02149172541	0.0	0.1730242379	0.0	0.0	0.0	0.0	0.1038218313	0	0.0	9.589095062e-05	0.3017199793	0.9577308345	0.0	0.0	0.0	0.0	0.0	0.0	0.0	0.0	0.0
7	1	0	0.0	0.0	0.0	0.8269719235	0.0	0.0	0.0	0.0	0.0	0	0.0	0.0	0.0	0.0	0.96456734	0.0007630262778	0.0	0.05226755581	0.0	0.0	0.0	0.0	0.0
8	0	0	0.0	0.0	0.0	0.0	0.0	0.0	0.0	0.0	0.0	0	0.0	0.0	0.0	0.0	0.03543265846	1.118949873e-05	0.01676829355	0.905917085	4.738867367e-05	0.000133626808	0.1276731092	0.9398074045	0.9913726661
9	0	0	0.0	0.0	0.0	0.0	0.0	0.0	0.0	0.0	0.0	0	0.0	0.0	0.0	0.0	0.0	0.0	0.0	0.04181535917	0.9999526157	0.9998663698	0.8723268908	0.0	0.008627333945
