CDIV	AL	AK	AZ	AR	CA	CO	CT	DE	DC	FL	GA	HI	ID	IL	IN	IA	KS	KY	LA	ME	MD	MA	MI	MN	MS	MO	MT	NE	NV	NH	NJ	NM	NY	NC	ND	OH	OK	OR	PA	RI	SC	SD	TN	TX	UT	VT	VA	WA	WV	WI	WY
1	0.0	0.0	0.0	0.0	0.0	0.0	0.2356659142	0.0	0.0	0.0	0.0	0.0	0.0	0.0	0.0	0.0	0.0	0.0	0.0	0.0144469526	0.0	0.611738149	0.0	0.0	0.0	0.0	0.0	0.0	0.0	0.03476297968	0.0	0.0	0.0	0.0	0.0	0.0	0.0	0.0	0.0	0.0848758465	0.0	0.0	0.0	0.0	0.0	0.01851015801	0.0	0.0	0.0	0.0	0.0
2	0.0	0.0	0.0	0.0	0.0	0.0	0.0	0.0	0.0	0.0	0.0	0.0	0.0	0.0	0.0	0.0	0.0	0.0	0.0	0.0	0.0	0.0	0.0	0.0	0.0	0.0	0.0	0.0	0.0	0.0	0.2586836341	0.0	0.4841973506	0.0	0.0	0.0	0.0	0.0	0.2571190153	0.0	0.0	0.0	0.0	0.0	0.0	0.0	0.0	0.0	0.0	0.0	0.0
3	0.0	0.0	0.0	0.0	0.0	0.0	0.0	0.0	0.0	0.0	0.0	0.0	0.0	0.3137574384	0.1068291301	0.0	0.0	0.0	0.0	0.0	0.0	0.0	0.2463870785	0.0	0.0	0.0	0.0	0.0	0.0	0.0	0.0	0.0	0.0	0.0	0.0	0.2220175687	0.0	0.0	0.0	0.0	0.0	0.0	0.0	0.0	0.0	0.0	0.0	0.0	0.0	0.1110087844	0.0
4	0.0	0.0	0.0	0.0	0.0	0.0	0.0	0.0	0.0	0.0	0.0	0.0	0.0	0.0	0.0	0.1576642336	0.1409801877	0.0	0.0	0.0	0.0	0.0	0.0	0.3303441084	0.0	0.2206465068	0.0	0.08675703858	0.0	0.0	0.0	0.0	0.0	0.0	0.03086548488	0.0	0.0	0.0	0.0	0.0	0.0	0.03274244004	0.0	0.0	0.0	0.0	0.0	0.0	0.0	0.0	0.0
5	0.0	0.0	0.0	0.0	0.0	0.0	0.0	0.02496448143	0.02496448143	0.03917190988	0.2804952304	0.0	0.0	0.0	0.0	0.0	0.0	0.0	0.0	0.0	0.1741424802	0.0	0.0	0.0	0.0	0.0	0.0	0.0	0.0	0.0	0.0	0.0	0.0	0.1503957784	0.0	0.0	0.0	0.0	0.0	0.0	0.07002232596	0.0	0.0	0.0	0.0	0.0	0.1806373046	0.0	0.05520600771	0.0	0.0
6	0.1714129244	0.0	0.0	0.0	0.0	0.0	0.0	0.0	0.0	0.0	0.0	0.0	0.0	0.0	0.0	0.0	0.0	0.286966046	0.0	0.0	0.0	0.0	0.0	0.0	0.1265060241	0.0	0.0	0.0	0.0	0.0	0.0	0.0	0.0	0.0	0.0	0.0	0.0	0.0	0.0	0.0	0.0	0.0	0.4151150055	0.0	0.0	0.0	0.0	0.0	0.0	0.0	0.0
7	0.0	0.0	0.0	0.08659066232	0.0	0.0	0.0	0.0	0.0	0.0	0.0	0.0	0.0	0.0	0.0	0.0	0.0	0.0	0.09799131379	0.0	0.0	0.0	0.0	0.0	0.0	0.0	0.0	0.0	0.0	0.0	0.0	0.0	0.0	0.0	0.0	0.0	0.1718241042	0.0	0.0	0.0	0.0	0.0	0.0	0.6435939197	0.0	0.0	0.0	0.0	0.0	0.0	0.0
8	0.0	0.0	0.09947404528	0.0	0.0	0.3404985136	0.0	0.0	0.0	0.0	0.0	0.0	0.08438143151	0.0	0.0	0.0	0.0	0.0	0.0	0.0	0.0	0.0	0.0	0.0	0.0	0.0	0.05602561171	0.0	0.1122798994	0.0	0.0	0.08643951521	0.0	0.0	0.0	0.0	0.0	0.0	0.0	0.0	0.0	0.0	0.0	0.0	0.1884289961	0.0	0.0	0.0	0.0	0.0	0.03247198719
9	0.0	0.03194221509	0.0	0.0	0.7186195827	0.0	0.0	0.0	0.0	0.0	0.0	0.0008025682183	0.0	0.0	0.0	0.0	0.0	0.0	0.0	0.0	0.0	0.0	0.0	0.0	0.0	0.0	0.0	0.0	0.0	0.0	0.0	0.0	0.0	0.0	0.0	0.0	0.0	0.08443017657	0.0	0.0	0.0	0.0	0.0	0.0	0.0	0.0	0.0	0.1642054575	0.0	0.0	0.0
