ENDUSE	CDIV	BLDG	NBLDGS	WIND_COND	WIND_SOL	ROOF	WALL	INFIL	PEOPLE	GRND	EQUIP
HT	1	1	4132590.3769	0.1335	-0.0812	0.0804	0.3824	0.3981	0.0	0.0949	-0.0082
CL	1	1	4132590.3769	-0.0686	0.3893	0.0541	0.3092	-0.1181	0.0	-0.1302	0.5642
HT	1	2	2325901.2233	0.1709	-0.0888	0.0828	0.2792	0.5312	0.0	0.1228	-0.0982
CL	1	2	2325901.2233	-0.1242	0.4805	0.115	0.0109	-0.2059	0.0	-0.0953	0.819
HT	1	3	161151.905	0.1546	-0.1074	0.0932	0.204	0.3284	0.0	0.3528	-0.0257
CL	1	3	161151.905	-0.1538	0.6442	0.0461	-0.0068	-0.2255	0.0	-0.4016	1.0974
HT	2	1	10574197.0317	0.1247	-0.0755	0.079	0.3696	0.425	0.0	0.0905	-0.0133
CL	2	1	10574197.0317	-0.0312	0.2847	0.0561	0.2757	-0.0528	0.0	-0.0557	0.5232
HT	2	2	6726167.6458	0.1839	-0.0996	0.0698	0.2505	0.6223	0.0	0.0932	-0.1202
CL	2	2	6726167.6458	-0.061	0.3659	0.0813	0.0249	-0.1052	0.0	-0.015	0.7091
HT	2	3	454651.9846	0.1544	-0.1104	0.088	0.22	0.3298	0.0	0.3182	-0.0001
CL	2	3	454651.9846	-0.0766	0.4809	0.0501	0.0803	-0.1159	0.0	-0.2299	0.811
HT	3	1	15065840.8055	0.1307	-0.0687	0.0735	0.3663	0.4001	0.0	0.092	0.0061
CL	3	1	15065840.8055	-0.0361	0.2998	0.047	0.3035	-0.0592	0.0	-0.0546	0.4996
HT	3	2	5084603.3255	0.1822	-0.0847	0.0911	0.224	0.5558	0.0	0.105	-0.0733
CL	3	2	5084603.3255	-0.0778	0.3947	0.1014	0.0289	-0.1249	0.0	-0.0481	0.7259
HT	3	3	811967.2254	0.1539	-0.1008	0.0816	0.1999	0.3195	0.0	0.317	0.029
CL	3	3	811967.2254	-0.0465	0.4106	0.0503	0.1045	-0.0713	0.0	-0.1522	0.7045
HT	4	1	7083234.5785	0.1381	-0.0712	0.0679	0.3429	0.4214	0.0	0.0982	0.0027
CL	4	1	7083234.5785	-0.0225	0.2717	0.0459	0.2859	-0.0215	0.0	-0.0282	0.4687
HT	4	2	1953687.5014	0.1908	-0.0877	0.1071	0.1899	0.5819	0.0	0.1057	-0.0878
CL	4	2	1953687.5014	-0.0631	0.3553	0.1073	0.0468	-0.0958	0.0	-0.04	0.6896
HT	4	3	448692.5921	0.1494	-0.1007	0.0745	0.1841	0.3239	0.0	0.3153	0.0535
CL	4	3	448692.5921	-0.0229	0.3716	0.0542	0.1251	-0.0313	0.0	-0.093	0.5963
HT	5	1	18733101.9529	0.181	-0.1301	0.1204	0.32	0.4279	0.0	0.0922	-0.0116
CL	5	1	18733101.9529	-0.0087	0.2379	0.0588	0.14	-0.0008	0.0	0.08	0.4929
HT	5	2	6746280.5954	0.2741	-0.1649	0.1122	0.2458	0.6555	0.0	0.0784	-0.201
CL	5	2	6746280.5954	-0.0099	0.272	0.0835	0.0465	-0.0089	0.0	0.0311	0.5858
HT	5	3	2568249.8509	0.1955	-0.1811	0.1181	0.2173	0.3014	0.0	0.3588	-0.0099
CL	5	3	2568249.8509	-0.0077	0.3063	0.071	0.1103	-0.0019	0.0	-0.0472	0.5692
HT	6	1	6011288.8562	0.1711	-0.1136	0.1117	0.3295	0.4023	0.0	0.0991	-0.0001
CL	6	1	6011288.8562	-0.0127	0.2195	0.0581	0.2132	-0.0054	0.0	0.051	0.4764
HT	6	2	1489351.504	0.2646	-0.1462	0.1213	0.2884	0.5534	0.0	0.0969	-0.1785
CL	6	2	1489351.504	-0.0311	0.2647	0.079	0.0838	-0.0332	0.0	0.0122	0.6247
HT	6	3	1019304.4221	0.1929	-0.1606	0.1095	0.2113	0.3169	0.0	0.3519	-0.0219
CL	6	3	1019304.4221	-0.0168	0.2915	0.0574	0.118	-0.0147	0.0	-0.0638	0.6285
HT	7	1	10898487.3058	0.2207	-0.1549	0.1524	0.2884	0.4169	0.0	0.0876	-0.011
CL	7	1	10898487.3058	0.0022	0.2142	0.066	0.1301	0.0231	0.0	0.0928	0.4714
HT	7	2	3583581.3446	0.3607	-0.2027	0.1297	0.2715	0.7119	0.0	0.0613	-0.3324
CL	7	2	3583581.3446	-0.0087	0.2441	0.0655	0.0554	0.0033	0.0	0.035	0.6053
HT	7	3	1381834.1313	0.2181	-0.1921	0.1294	0.2333	0.3088	0.0	0.3668	-0.0642
CL	7	3	1381834.1313	0.0011	0.2668	0.0671	0.0929	0.0096	0.0	-0.0154	0.5779
HT	8	1	6971992.5856	0.205	-0.1612	0.1176	0.3957	0.346	0.0	0.1193	-0.0224
CL	8	1	6971992.5856	-0.034	0.3062	0.0564	0.1474	-0.0535	0.0	0.0735	0.504
HT	8	2	2203733.6775	0.3203	-0.1937	0.141	0.316	0.5482	0.0	0.1146	-0.2463
CL	8	2	2203733.6775	-0.0546	0.3478	0.0863	0.0418	-0.0714	0.0	0.0112	0.6389
HT	8	3	833818.3312	0.1987	-0.2086	0.1193	0.255	0.2669	0.0	0.458	-0.0892
CL	8	3	833818.3312	-0.0521	0.3985	0.0783	0.1059	-0.068	0.0	-0.0924	0.6297
HT	9	1	12447184.4266	0.2342	-0.2185	0.1792	0.4686	0.3858	0.0	0.1165	-0.1657
CL	9	1	12447184.4266	-0.1784	0.6065	0.0722	0.0388	-0.2419	0.0	-0.056	0.7589
HT	9	2	5694944.4387	0.4282	-0.3244	0.1612	0.5399	0.7274	0.0	0.155	-0.6873
CL	9	2	5694944.4387	-0.3212	0.7142	0.0801	-0.1554	-0.4725	0.0	-0.1008	1.2556
HT	9	3	885218.0913	0.2171	-0.2427	0.1442	0.3269	0.3008	0.0	0.4772	-0.2235
CL	9	3	885218.0913	-0.1882	0.7167	0.1078	0.0784	-0.2292	0.0	-0.3543	0.8688
